Multiple size <= 100
TEST 1 ARG:15 88 29 94 8 75 61 10 17 55 72 81 99 52 25 39 79 38 71 28 69 46 57 40 22 60 44 2 45 30 87 50 97 1 89 98 56 63 62 91 95 96 41 49 80 37 78 34 43 18 83 27 82 85 76 5 26 77 4 35 64 86 9 0 3 16 32 31 54 92 74 59 65 12 20 73 19 70 93 7 58 48 6 23 13 11 33 67 53 24 21 51 47 68 42 14 90 84 36 66
TEST 2 ARG:3 34 99 96 97 86 21 26 75 31 90 11 59 49 0 51 61 8 35 24 76 72 7 74 81 6 67 82 16 33 19 41 57 98 62 20 69 30 60 43 73 63 83 17 78 94 55 88 89 64 4 48 68 80 1 25 39 28 12 23 66 54 46 50 13 27 42 5 14 79 15 47 85 95 65 52 91 40 92 58 45 38 87 70 56 53 10 22 44 84 71 18 36 37 9 93 77 32 29 2
TEST 3 ARG:31 5 66 37 38 80 73 7 82 4 97 75 15 61 52 91 8 94 46 83 59 99 48 70 64 22 27 65 90 24 79 47 16 19 93 0 26 36 50 45 18 68 25 92 86 72 96 76 63 10 23 57 3 41 89 98 29 42 35 71 12 81 85 55 11 49 77 34 51 39 84 69 58 32 60 13 30 6 62 67 14 1 33 54 95 74 9 87 88 17 56 78 20 44 43 21 40 53 28 2
TEST 4 ARG:37 2 1 70 13 21 99 45 91 4 40 34 23 87 84 81 65 47 9 69 8 39 89 19 98 92 33 80 73 7 58 57 46 50 10 61 77 93 17 53 71 49 28 75 74 95 24 36 11 26 96 30 52 88 63 59 76 41 85 27 56 51 29 32 67 82 0 16 6 79 90 97 64 5 43 94 68 12 22 48 31 38 62 20 14 83 55 72 35 44 3 15 18 42 86 66 25 78 54 60
TEST 5 ARG:14 40 22 53 15 74 73 11 83 18 92 94 82 64 65 29 85 72 3 91 1 20 89 6 33 28 50 59 25 44 8 38 30 87 79 75 58 45 47 7 54 41 71 69 37 35 96 52 48 95 76 60 84 99 77 0 88 61 31 26 68 16 21 62 9 57 70 4 55 12 5 19 13 80 63 86 36 46 67 17 34 78 66 98 39 24 23 32 81 97 10 93 56 42 51 43 27 49 2 90
TEST 6 ARG:95 93 30 91 83 11 70 29 41 28 36 42 39 21 17 52 78 71 98 0 92 8 40 20 86 25 27 38 6 13 3 10 14 22 64 80 53 19 16 81 15 49 76 84 46 68 72 26 47 97 4 44 34 96 2 62 88 66 7 74 59 99 33 87 18 67 73 24 61 79 43 89 58 12 77 1 5 75 57 82 45 35 48 54 9 94 55 56 37 85 65 31 32 51 63 23 60 69 90 50
TEST 7 ARG:18 65 51 39 89 56 76 82 77 24 1 68 61 6 85 7 0 8 53 57 62 49 17 42 98 28 66 59 80 91 64 74 79 35 71 4 34 70 73 95 52 10 58 69 30 75 36 38 41 90 45 72 92 63 44 81 11 27 20 99 25 15 86 93 13 97 50 96 78 47 67 37 83 19 43 26 9 60 12 48 5 54 88 14 21 84 3 94 46 87 32 22 55 29 31 40 2 33 16 23
TEST 8 ARG:33 50 91 55 41 6 60 69 97 80 51 20 31 0 54 59 25 17 56 66 35 58 10 67 47 5 37 73 28 16 8 15 81 79 88 76 85 65 38 87 23 42 93 3 94 70 52 90 30 36 18 4 45 96 83 27 95 21 12 77 1 86 44 26 19 63 22 98 89 13 57 74 53 64 49 62 39 75 9 14 92 72 61 40 71 68 99 82 43 48 46 78 34 24 7 29 32 2 84 11
TEST 9 ARG:96 17 80 50 91 38 48 51 24 94 52 3 69 72 32 68 43 42 55 26 15 98 97 95 81 47 40 2 77 0 11 37 88 62 79 16 99 28 6 18 44 1 90 27 61 13 67 64 29 39 54 93 8 10 4 31 78 56 25 65 87 19 92 58 30 84 86 49 76 66 57 53 85 20 70 35 21 36 83 41 34 82 33 46 45 71 5 12 7 63 75 60 23 9 14 22 74 73 89 59
TEST 10 ARG:40 58 73 83 22 1 43 64 4 3 48 86 47 44 89 5 77 33 63 36 82 79 18 2 11 59 96 32 95 37 87 54 20 39 76 90 42 50 94 74 7 97 80 23 26 61 24 55 62 53 68 57 8 75 9 31 10 14 34 30 16 29 49 78 25 12 99 13 66 81 69 51 98 28 65 46 56 41 21 67 6 45 92 71 38 70 52 19 72 93 27 84 85 60 17 91 0 35 15 88
TEST 11 ARG:99 49 89 95 16 28 27 39 84 57 64 68 24 46 94 18 40 70 98 63 55 76 13 93 45 56 79 43 87 34 59 23 92 17 26 75 3 32 52 62 54 6 2 37 73 11 48 42 1 50 47 33 65 67 97 31 88 14 8 10 53 19 66 86 5 12 21 7 72 36 71 38 69 41 77 35 30 61 44 74 80 91 0 51 82 20 81 60 85 58 22 15 9 25 4 96 29 83 90 78
TEST 12 ARG:46 48 54 58 50 62 65 33 35 30 72 1 47 11 66 2 32 89 36 44 7 8 75 55 29 81 19 45 18 13 9 3 74 14 79 20 97 0 17 70 64 23 94 93 42 24 51 41 39 80 5 86 61 27 99 25 10 85 59 76 60 53 96 90 71 88 69 43 56 82 73 12 26 28 49 57 15 16 63 37 95 38 98 78 31 91 67 52 21 77 34 40 68 87 84 22 83 92 6 4
TEST 13 ARG:26 39 44 3 15 16 36 45 79 50 6 95 0 38 4 41 7 20 89 47 27 69 25 78 94 76 22 34 35 40 43 23 51 65 91 11 86 80 77 49 18 21 62 66 84 24 63 98 10 12 29 58 48 81 53 83 60 46 28 33 70 56 75 9 92 42 72 97 64 55 67 8 93 30 52 82 5 2 88 37 13 68 90 19 74 31 61 87 99 1 71 73 17 85 57 54 14 59 96 32
TEST 14 ARG:84 28 53 25 72 75 1 63 26 78 71 89 91 33 51 66 46 3 16 10 99 45 61 18 5 82 29 19 44 56 48 57 31 8 69 30 88 94 87 15 86 0 59 47 62 2 98 76 83 58 24 43 17 90 7 22 96 64 14 92 70 32 95 42 38 39 93 40 60 11 67 35 73 74 81 77 12 23 21 68 13 37 80 41 50 9 20 97 49 55 52 34 27 65 4 79 6 85 54 36
TEST 15 ARG:34 24 96 19 56 70 48 38 63 4 91 18 66 46 84 69 62 31 20 71 51 75 83 79 25 81 40 37 42 22 55 98 26 97 90 11 88 9 89 36 82 28 33 65 39 45 5 3 80 53 44 76 15 16 99 86 58 1 61 17 14 47 49 95 41 21 52 57 6 87 13 30 72 92 50 73 60 67 54 23 7 12 43 8 27 77 94 32 78 74 29 35 2 0 93 68 59 85 64 10
TEST 16 ARG:98 88 3 80 24 42 44 66 21 49 86 60 87 35 72 5 71 81 74 61 28 70 25 39 63 53 41 20 84 37 92 67 23 27 68 32 45 19 13 57 46 97 55 43 90 48 52 93 12 2 78 36 10 1 89 62 96 8 75 4 85 54 7 6 94 11 22 30 99 82 59 9 56 58 79 77 0 47 76 34 40 69 33 15 91 38 14 50 18 64 95 73 26 83 16 17 51 29 31 65
TEST 17 ARG:5 69 96 68 3 9 23 10 43 82 52 8 65 1 62 81 12 77 19 21 74 53 41 2 0 94 67 31 24 79 64 59 16 29 56 50 26 37 25 66 91 75 98 7 92 49 13 39 34 88 40 27 42 32 47 48 83 17 90 93 28 76 72 44 30 84 58 86 36 57 6 73 15 71 18 87 89 45 14 35 97 20 51 54 46 99 11 80 4 33 60 70 61 38 78 85 63 95 55 22
TEST 18 ARG:99 36 47 25 56 33 54 81 17 91 41 77 93 64 84 3 62 6 76 63 87 5 50 29 53 85 72 18 95 10 9 66 75 69 83 68 96 39 19 74 4 38 82 22 92 45 35 30 26 48 2 12 52 13 24 1 40 49 37 42 44 79 14 90 57 51 61 21 46 11 23 55 34 32 70 28 31 71 60 8 86 27 73 78 59 7 80 94 0 97 89 43 98 88 65 67 58 20 15 16
TEST 19 ARG:59 91 25 77 26 55 15 45 23 48 95 90 49 19 70 86 6 3 53 31 8 29 98 73 52 1 66 41 74 11 36 39 37 44 65 85 96 9 87 89 35 84 54 64 80 14 22 40 58 28 30 0 5 2 79 97 16 32 10 12 24 27 63 60 92 34 47 78 99 61 68 93 20 17 88 81 57 42 51 21 50 46 33 67 56 76 43 69 38 82 4 94 83 7 75 13 72 71 62 18
TEST 20 ARG:87 81 10 89 25 0 76 58 99 13 72 20 57 67 44 59 22 98 15 9 51 68 52 26 77 24 4 54 40 38 19 69 47 5 34 33 2 80 43 88 93 62 75 32 60 61 17 63 95 90 74 55 53 71 16 96 85 46 50 94 11 83 41 39 49 7 73 6 29 31 3 48 64 45 1 70 37 35 91 65 97 79 8 86 21 23 27 30 82 42 18 56 78 28 92 14 84 36 12 66
TEST 21 ARG:90 9 48 40 4 11 64 62 98 49 12 30 99 33 28 61 93 59 55 85 97 92 20 42 71 84 2 86 5 50 72 45 68 91 32 95 66 87 8 69 60 24 26 35 78 34 76 52 38 13 36 41 70 67 6 15 14 19 65 57 39 21 58 17 96 82 23 83 18 47 80 46 75 88 56 27 81 54 94 51 25 16 7 44 53 43 74 29 3 73 10 1 63 37 89 0 31 22 79 77
TEST 22 ARG:81 69 57 37 13 77 94 12 40 48 26 43 79 58 20 36 0 99 8 6 89 41 10 11 46 28 85 74 16 33 66 45 93 91 19 39 32 84 54 44 98 56 63 15 97 76 49 60 42 31 24 27 88 64 82 29 38 7 50 67 23 55 34 92 70 83 78 21 35 22 90 30 2 80 52 17 4 61 73 86 96 9 5 75 25 53 65 14 1 71 51 68 47 95 18 59 62 87 3 72
TEST 23 ARG:56 67 58 44 51 45 86 22 80 92 38 12 5 37 76 34 82 25 24 32 77 65 90 96 73 46 98 7 36 87 97 52 59 35 4 31 64 19 30 20 94 75 21 60 79 89 84 47 2 40 14 93 8 11 15 41 16 13 81 49 69 23 29 72 63 42 54 39 27 10 9 62 17 61 85 88 26 1 6 43 95 53 48 68 70 55 3 71 83 74 91 0 57 18 66 50 99 33 78 28
TEST 24 ARG:18 85 62 58 27 91 7 73 6 63 4 95 25 57 87 78 40 45 41 32 47 70 97 49 61 79 10 13 98 77 9 81 69 80 88 11 31 96 52 94 29 90 2 71 26 86 16 89 20 60 64 30 21 56 34 3 24 23 14 12 54 35 93 33 66 76 1 0 84 92 36 65 99 59 39 75 72 37 42 15 5 28 43 74 22 50 17 82 83 46 53 55 8 38 48 51 67 68 19 44
TEST 25 ARG:86 43 13 0 42 30 88 4 76 56 14 72 84 5 40 1 22 37 92 70 53 31 77 28 47 91 17 35 26 10 51 67 18 48 80 36 79 94 46 98 27 78 58 33 89 65 12 15 29 49 2 69 68 83 63 59 6 50 32 11 9 93 95 19 55 34 97 60 62 8 24 99 38 74 85 7 96 45 81 82 3 57 90 54 20 52 87 71 16 21 41 25 44 61 23 39 73 64 75 66
TEST 26 ARG:26 36 61 70 79 73 76 41 21 24 0 64 32 72 11 52 83 12 74 16 87 49 25 9 92 20 78 2 33 55 80 68 82 35 75 63 5 29 14 4 86 57 43 97 88 44 45 27 18 31 53 38 98 58 93 47 50 77 13 42 62 28 65 30 71 1 3 23 66 46 94 37 81 8 34 15 85 60 54 96 19 91 39 59 99 48 17 6 90 95 67 56 22 10 51 40 84 7 69 89
TEST 27 ARG:4 51 30 32 26 57 12 17 89 16 2 6 74 63 37 7 52 93 90 50 77 72 40 76 73 8 18 56 21 49 84 79 46 9 64 75 19 67 29 45 14 25 1 23 82 11 33 71 41 78 88 58 39 38 81 44 36 69 42 97 70 53 28 48 59 98 54 86 87 15 3 13 31 92 91 60 22 43 10 94 34 55 0 61 99 85 80 95 35 47 83 62 66 68 20 27 65 96 5 24
TEST 28 ARG:26 21 86 15 13 70 78 99 64 77 68 33 17 9 46 75 23 30 37 12 84 54 76 44 22 3 87 5 56 6 24 49 65 28 47 96 36 82 61 20 55 71 90 85 45 43 88 34 52 48 38 4 1 89 8 69 29 0 57 94 25 16 62 19 74 14 63 73 11 66 10 51 32 79 59 83 58 67 93 92 95 41 53 50 98 35 91 39 2 18 80 42 72 60 81 40 97 7 27 31
TEST 29 ARG:27 42 7 75 82 25 87 69 33 94 61 39 57 19 47 74 11 62 89 64 49 24 29 4 56 8 93 81 0 9 73 55 31 92 54 28 88 66 79 72 53 44 46 78 5 67 6 98 77 41 30 16 20 38 45 13 80 65 96 14 76 95 26 85 17 86 91 68 48 99 18 2 22 1 23 43 35 10 58 59 70 12 97 60 32 3 63 21 37 84 52 40 90 36 50 71 83 15 34 51
TEST 30 ARG:8 30 63 99 36 66 10 38 40 22 68 7 56 95 4 64 79 62 81 76 92 83 54 41 77 86 96 48 43 5 71 24 35 88 26 20 25 61 73 87 47 15 90 45 29 94 65 14 91 49 16 27 32 75 80 18 17 1 59 51 23 85 28 72 67 0 52 19 82 78 31 21 58 69 98 9 39 11 57 84 13 44 93 53 33 42 74 55 97 70 46 6 12 37 60 3 34 89 2 50
TEST 31 ARG:82 25 88 75 72 42 89 73 47 60 80 92 83 35 62 7 64 77 79 74 63 10 67 38 31 13 9 59 23 68 78 48 14 85 22 71 41 5 30 81 99 3 6 84 21 97 52 65 29 54 95 96 55 76 27 53 87 40 44 51 36 91 15 17 11 1 24 2 50 46 56 94 0 26 61 20 43 8 32 34 16 28 4 39 58 49 86 33 12 70 66 37 18 57 19 98 45 93 69 90
TEST 32 ARG:18 43 29 97 47 12 51 98 39 19 79 80 72 38 44 66 6 99 9 40 82 94 41 16 77 28 20 61 14 30 0 88 69 62 36 57 75 58 46 52 83 90 54 37 71 13 96 2 92 15 55 93 89 91 8 67 45 17 49 5 34 81 31 3 73 33 26 74 24 32 22 42 68 76 63 1 50 60 65 23 59 53 70 11 78 21 95 10 64 86 25 35 27 48 7 4 85 56 84 87
TEST 33 ARG:42 53 0 87 19 23 11 10 55 71 56 33 49 6 81 45 31 99 59 46 20 39 78 48 24 93 9 3 40 29 96 18 89 41 54 69 76 88 47 63 82 21 44 64 74 84 91 57 25 70 73 1 62 95 7 80 32 79 22 14 77 17 75 92 8 26 98 30 86 16 35 12 38 58 67 5 27 37 2 66 13 50 43 72 83 68 61 28 65 4 90 97 94 60 85 36 52 15 34 51
TEST 34 ARG:10 59 96 87 24 60 61 44 90 26 13 3 0 65 79 99 27 69 34 55 85 36 16 71 49 74 38 35 68 18 52 88 95 97 92 22 78 43 8 14 63 9 20 29 58 17 72 33 82 84 25 76 50 66 23 37 53 1 42 62 39 80 5 15 93 40 54 41 21 31 81 12 70 46 94 56 6 91 98 75 67 89 7 4 73 57 30 11 47 45 64 51 19 2 86 48 28 77 32 83
TEST 35 ARG:67 48 42 12 80 38 74 33 14 66 75 62 13 3 50 15 47 97 40 85 96 39 36 92 56 26 27 28 54 10 29 19 64 21 20 2 71 77 88 95 6 51 61 1 68 8 73 7 84 69 98 22 60 9 17 78 55 4 72 35 63 25 70 59 93 31 82 41 81 53 87 91 49 32 44 18 57 11 79 76 46 5 45 23 89 99 86 94 37 52 83 16 43 24 30 34 90 65 0 58
TEST 36 ARG:75 88 74 30 79 37 38 68 20 8 11 18 47 39 87 44 60 80 96 3 17 93 51 4 66 1 26 84 5 90 41 42 43 35 46 34 62 98 22 6 64 71 77 28 50 95 82 81 31 32 25 23 70 9 2 10 67 24 29 91 61 58 78 73 57 0 94 12 76 15 33 13 16 69 92 52 56 49 53 19 54 59 97 27 14 85 72 36 89 65 40 21 48 55 63 7 99 45 83 86
TEST 37 ARG:57 81 85 31 84 92 56 5 95 30 25 86 4 97 91 15 49 46 65 67 70 21 0 24 69 88 13 74 36 23 55 11 20 51 47 99 19 33 27 73 34 29 7 44 18 64 53 82 45 89 62 26 35 54 77 12 87 94 52 96 37 75 43 28 14 40 80 98 93 72 83 2 90 61 1 42 38 76 8 10 32 9 3 50 71 48 58 17 66 22 60 6 79 63 68 41 16 78 59 39
TEST 38 ARG:90 50 18 61 28 56 4 84 58 29 85 67 94 1 48 51 26 34 12 47 32 71 16 97 17 87 41 5 55 37 49 73 66 43 10 42 54 6 57 45 22 60 40 2 81 83 15 99 80 19 68 64 44 74 8 38 36 7 20 89 82 79 52 24 88 59 93 39 21 75 9 11 76 23 91 27 70 65 33 46 95 13 96 35 31 14 0 63 78 69 86 72 53 30 25 92 98 3 62 77
TEST 39 ARG:35 78 9 26 43 90 99 94 69 19 46 37 72 10 55 82 32 14 96 11 31 23 87 16 68 38 8 95 74 64 80 27 56 86 85 34 17 60 42 97 58 52 70 47 18 79 54 0 13 59 7 28 40 12 88 6 84 63 48 22 77 15 51 20 25 39 33 65 92 75 98 1 21 61 41 29 76 73 2 66 67 3 62 49 50 44 4 5 53 36 71 57 83 30 24 45 91 93 81 89
TEST 40 ARG:93 6 59 88 30 73 0 47 89 72 54 82 42 86 77 65 38 48 8 61 11 35 43 66 45 56 63 21 60 76 17 78 28 79 70 13 10 84 14 31 39 26 92 33 41 83 85 23 16 2 44 19 20 53 50 68 32 71 55 57 22 5 75 64 67 12 91 1 74 37 9 3 69 34 90 94 99 29 4 97 7 46 58 25 15 81 52 49 87 51 80 95 62 36 96 40 18 27 98 24
TEST 41 ARG:65 96 63 69 35 66 70 89 44 98 75 11 22 14 34 85 56 41 12 94 90 39 74 92 45 43 68 47 7 16 55 82 13 80 52 31 58 37 49 60 62 46 2 23 54 95 87 33 59 8 25 78 20 9 77 18 4 50 57 36 38 5 97 88 40 29 32 15 73 51 17 42 99 1 19 79 93 64 83 61 26 10 86 53 30 27 3 48 76 28 6 24 71 81 67 72 21 0 84 91
TEST 42 ARG:79 82 29 14 21 66 70 50 1 18 59 74 26 75 8 91 80 93 55 27 40 15 16 87 31 42 38 12 45 39 60 0 30 54 78 99 13 67 58 97 85 98 89 56 88 69 47 24 20 73 25 94 83 61 22 65 81 10 57 53 9 34 33 44 32 72 51 68 11 92 4 2 46 17 35 5 77 6 71 41 28 36 84 62 95 64 49 63 76 43 19 90 37 7 96 3 52 23 48 86
TEST 43 ARG:98 77 27 14 95 54 69 86 55 8 89 49 20 35 78 92 47 51 68 19 11 75 4 12 6 26 38 17 61 74 71 83 72 5 62 50 0 22 32 37 43 44 96 21 40 79 48 34 10 87 3 13 2 45 90 76 94 7 30 63 70 88 82 29 99 73 60 57 59 81 85 23 18 36 9 84 24 31 64 28 65 25 39 16 93 58 1 33 56 53 97 80 15 91 42 46 67 66 52 41
TEST 44 ARG:51 52 15 30 65 9 4 55 66 25 21 62 95 46 72 89 84 27 26 23 29 75 54 86 14 18 32 74 99 71 58 40 49 35 17 97 45 92 5 16 36 63 44 83 48 60 59 82 7 80 8 24 85 73 10 90 79 20 47 38 57 88 61 3 50 6 37 22 77 28 67 91 19 69 70 68 12 81 94 41 64 53 78 33 0 93 42 2 56 87 96 34 1 98 43 31 39 76 11 13
TEST 45 ARG:56 58 99 97 94 78 82 96 40 44 66 42 26 25 0 47 31 95 49 72 70 75 12 46 15 32 88 92 80 51 69 1 8 74 64 83 53 93 98 13 85 4 16 33 79 71 91 5 9 87 20 21 63 57 18 2 19 38 7 35 39 65 54 28 22 27 24 68 67 62 48 43 50 17 29 30 55 52 90 6 77 37 73 59 3 81 41 11 45 86 84 34 36 14 61 89 10 23 60 76
TEST 46 ARG:11 41 43 69 81 99 44 2 65 17 92 82 77 90 78 59 55 1 30 47 73 71 67 60 34 7 35 31 19 70 20 49 97 14 85 27 3 42 79 89 96 8 94 23 57 88 15 93 63 21 38 64 33 39 80 83 51 66 5 86 24 6 72 87 84 98 29 54 46 53 45 40 10 74 13 26 48 95 76 56 22 37 18 61 58 62 25 16 52 28 4 9 50 12 32 0 75 36 91 68
TEST 47 ARG:90 44 51 9 69 73 2 18 92 37 45 60 27 63 50 83 10 56 68 75 14 46 6 24 38 94 15 26 34 91 4 52 13 54 98 61 96 85 82 79 3 65 19 66 12 41 87 53 72 29 62 99 67 76 93 84 28 40 81 32 31 7 17 89 86 35 49 39 5 80 0 70 23 88 95 47 59 48 20 36 30 78 64 25 43 74 57 58 16 71 8 22 21 42 33 11 55 77 1 97
TEST 48 ARG:68 92 40 80 90 27 60 12 88 49 64 61 65 70 52 21 56 17 4 45 81 38 19 99 66 24 39 18 98 8 43 50 77 58 14 95 3 87 96 36 20 72 94 83 82 91 46 1 22 62 47 23 54 26 30 74 33 57 69 97 53 15 5 29 93 0 71 86 11 59 63 31 2 44 25 84 34 28 48 7 78 10 76 75 41 67 89 37 51 16 6 55 9 42 79 13 85 32 73 35
TEST 49 ARG:52 60 83 54 74 77 35 71 72 81 41 43 88 15 11 14 18 34 29 93 70 67 76 38 40 31 44 90 95 89 32 8 1 80 96 24 13 79 84 55 33 28 37 19 61 50 7 17 87 48 86 49 78 63 64 91 47 85 45 36 39 51 12 9 69 75 3 57 98 42 21 6 10 5 46 56 59 53 0 25 97 82 4 16 99 58 94 62 20 66 65 92 68 73 27 2 22 30 23 26
TEST 50 ARG:99 68 38 70 14 46 59 71 52 74 25 55 96 87 20 36 92 33 84 82 76 98 18 78 79 80 9 11 32 17 40 23 63 22 13 6 67 1 35 30 65 0 77 2 24 44 37 54 31 8 29 83 73 48 41 81 51 10 64 62 58 26 42 60 72 69 27 85 34 49 61 47 16 12 94 21 4 53 19 15 93 91 57 43 56 95 28 3 39 5 90 88 66 7 45 75 97 86 50 89
TEST 51 ARG:86 9 4 34 24 60 67 45 32 43 20 11 21 28 57 10 16 98 49 54 63 69 55 53 52 92 72 44 66 62 23 40 99 48 39 84 30 27 0 13 26 7 65 38 74 47 50 81 77 61 6 59 41 14 37 87 25 35 80 93 29 5 75 95 33 79 2 56 78 83 31 51 36 73 94 85 22 58 97 76 89 46 71 90 82 19 96 88 12 8 17 15 68 64 91 42 3 1 18 70
TEST 52 ARG:29 78 28 62 2 45 97 75 46 38 76 65 69 30 66 53 14 70 85 61 55 81 84 34 25 40 18 79 43 59 54 8 92 99 12 15 91 35 9 19 39 0 56 74 21 7 26 67 42 22 24 3 31 20 36 41 1 80 89 57 93 23 77 71 51 98 11 95 32 87 58 10 90 52 47 88 13 49 17 86 82 4 33 96 72 94 83 64 48 60 37 68 27 5 44 6 73 63 16 50
TEST 53 ARG:23 66 19 49 91 3 55 93 5 80 34 70 86 17 46 33 64 87 82 31 76 92 22 28 50 75 54 56 59 67 79 13 68 65 14 98 89 27 37 12 63 74 42 57 20 45 96 2 51 88 10 36 35 43 11 9 15 16 7 61 95 73 47 18 6 84 8 25 0 83 24 60 90 99 48 53 72 1 41 44 38 30 81 62 40 94 58 21 32 97 71 29 52 69 26 77 78 85 4 39
TEST 54 ARG:1 93 88 83 34 41 11 85 16 72 71 24 81 14 51 82 23 57 97 35 40 91 99 95 19 36 28 6 60 80 62 74 89 32 18 21 5 8 12 94 76 33 9 84 15 43 42 37 69 54 0 96 67 29 22 61 7 17 75 52 78 20 70 50 90 86 59 3 92 98 49 10 4 47 63 65 77 55 79 58 68 46 87 38 44 73 25 64 30 66 48 31 56 13 53 2 26 27 45 39
TEST 55 ARG:94 1 9 48 41 97 69 0 60 13 39 4 90 7 52 53 98 58 5 78 15 40 8 81 3 14 51 10 57 20 47 89 85 88 17 71 12 30 28 24 91 67 16 6 23 79 21 29 33 55 27 64 37 86 61 32 84 25 68 26 63 42 83 99 77 2 43 38 96 44 46 34 19 22 74 50 93 35 65 62 73 92 11 31 56 82 36 70 59 87 18 76 66 75 95 72 45 80 54 49
TEST 56 ARG:82 28 64 63 4 38 61 73 74 93 20 78 71 13 9 75 89 24 0 80 14 50 16 99 86 43 17 2 96 23 56 66 6 41 81 25 47 51 79 12 19 88 3 70 39 46 11 34 85 92 57 84 26 1 49 22 10 33 69 35 67 27 62 32 72 7 91 53 83 68 45 65 36 76 30 95 90 97 44 48 18 58 29 55 77 87 15 98 42 54 8 31 21 60 5 59 37 40 52 94
TEST 57 ARG:44 55 12 26 3 45 85 50 7 32 58 61 28 77 16 70 67 42 48 30 98 66 83 56 60 22 93 79 47 57 37 21 4 76 68 0 2 80 20 63 19 38 94 13 82 18 75 10 43 1 87 39 49 96 95 46 23 99 40 62 84 25 27 15 53 69 33 81 64 24 14 29 54 8 59 88 97 35 5 89 92 90 17 72 41 91 36 34 52 51 78 6 86 65 73 9 11 71 74 31
TEST 58 ARG:51 61 44 0 79 1 78 17 69 93 4 36 87 47 76 43 88 5 13 3 59 53 15 82 97 56 80 30 94 48 83 58 32 90 40 96 46 74 98 31 22 99 21 86 67 52 55 26 77 49 75 35 50 6 91 25 37 63 65 23 7 66 72 45 10 70 71 42 41 57 12 92 84 95 62 85 73 16 19 38 89 2 27 24 11 54 64 39 14 8 20 29 18 68 34 33 28 60 81 9
TEST 59 ARG:92 78 35 50 37 56 19 76 40 0 99 1 58 81 30 14 53 12 95 49 86 63 93 44 22 73 36 60 72 67 97 24 39 38 11 34 74 88 16 3 84 18 83 21 55 9 65 29 71 41 75 10 8 25 89 17 46 98 59 28 62 94 90 57 91 48 20 87 4 32 85 51 52 27 43 7 61 69 13 96 66 80 42 45 2 6 79 68 15 82 54 70 77 47 5 64 26 33 23 31
TEST 60 ARG:60 93 18 26 28 56 14 0 86 50 29 85 94 55 82 84 39 88 38 3 51 66 53 91 22 59 95 44 78 25 21 36 30 35 76 23 16 61 98 47 7 13 11 62 17 87 42 27 72 12 96 52 58 81 5 57 4 33 97 49 69 71 80 77 54 83 31 70 63 19 40 75 46 68 41 37 74 6 10 89 67 2 24 48 8 90 43 92 45 1 34 64 20 73 99 32 15 79 9 65
TEST 61 ARG:20 64 94 52 93 32 4 53 30 17 67 10 85 83 72 37 14 13 58 22 21 57 78 87 33 49 23 84 97 69 19 8 39 54 90 80 18 82 42 50 65 91 16 62 12 9 3 31 66 95 41 34 75 51 25 79 81 96 46 6 35 88 98 71 1 24 47 27 55 44 76 73 92 38 59 68 11 43 48 15 77 28 86 40 29 99 36 45 61 74 56 5 26 7 2 89 60 63 70 0
TEST 62 ARG:23 21 49 96 44 12 81 30 53 20 84 78 13 9 83 2 46 50 58 66 63 33 42 1 45 98 4 62 85 0 17 54 86 52 97 6 60 28 72 99 5 69 59 79 3 73 48 71 57 24 35 32 68 47 76 39 22 10 38 82 90 31 67 91 41 94 77 19 89 34 25 64 92 93 56 11 74 8 16 7 88 75 26 37 43 29 40 65 55 27 87 18 36 51 95 70 14 80 15 61
TEST 63 ARG:38 97 11 64 21 61 74 81 66 87 17 58 60 92 57 53 56 94 67 40 35 33 82 32 5 71 16 0 79 10 68 2 83 85 54 49 51 12 55 14 98 25 43 20 84 46 3 69 7 91 37 86 34 29 73 90 99 28 93 70 80 62 1 75 4 31 59 63 15 52 27 24 44 39 78 88 89 72 76 65 6 22 45 30 19 50 13 48 41 8 36 42 47 96 26 95 23 9 18 77
TEST 64 ARG:81 85 30 21 4 99 47 79 50 15 61 35 54 32 58 66 67 16 59 23 0 87 72 68 34 82 25 70 27 43 41 57 86 37 90 1 56 44 3 14 6 20 77 65 31 19 60 55 36 40 51 84 18 93 49 74 63 28 7 80 64 92 73 69 38 13 5 17 88 12 53 75 48 83 29 11 97 2 52 76 22 42 45 95 96 9 91 10 46 8 26 33 94 62 24 98 89 78 39 71
TEST 65 ARG:50 39 48 14 51 44 98 65 32 20 7 19 4 29 63 15 61 73 35 83 1 76 58 34 26 78 43 94 91 36 71 84 90 88 87 0 95 28 97 64 23 40 46 6 93 67 55 74 11 31 17 9 70 79 18 10 41 75 12 21 56 45 86 66 72 37 42 49 89 54 99 96 80 38 33 85 82 53 3 60 47 92 68 77 22 59 24 62 81 27 69 25 13 16 30 5 2 57 52 8
TEST 66 ARG:6 57 97 30 62 38 36 68 16 33 93 5 40 74 73 43 99 7 79 94 76 53 67 37 80 75 52 9 19 42 96 66 55 39 60 92 45 12 61 56 4 64 65 78 35 85 44 1 71 29 41 26 50 72 86 91 2 88 20 98 17 84 82 23 54 15 24 47 89 90 32 58 25 3 63 95 14 69 18 83 87 8 77 10 49 21 31 13 81 46 51 28 59 22 48 11 34 27 70 0
TEST 67 ARG:22 5 38 28 63 97 71 14 88 84 1 91 96 10 20 46 7 27 51 11 8 95 99 26 4 57 73 82 92 36 50 30 74 53 80 9 86 35 64 61 67 59 34 79 94 47 18 12 48 78 37 32 93 45 40 41 83 49 90 81 70 87 44 75 39 65 68 17 33 62 66 42 2 3 58 19 98 21 43 55 16 25 56 23 24 6 76 13 0 69 72 31 89 77 85 15 60 54 29 52
TEST 68 ARG:82 3 2 77 98 92 79 97 85 90 29 7 5 25 6 57 69 4 30 45 32 63 37 96 55 76 9 51 91 53 48 13 65 16 17 86 59 36 81 83 23 71 84 99 26 10 60 42 34 44 54 50 80 93 40 0 52 24 27 75 73 8 87 18 74 28 67 20 46 58 11 68 21 31 38 39 72 70 1 15 94 62 22 78 66 64 89 41 56 88 49 61 12 33 43 14 35 47 95 19
TEST 69 ARG:41 57 1 97 11 43 30 52 4 93 70 10 32 84 88 96 64 6 14 40 2 20 79 87 37 19 54 65 49 53 0 35 56 95 55 15 9 85 17 72 18 92 26 98 44 77 63 73 86 5 7 51 27 58 82 80 83 91 34 24 48 76 31 33 62 46 45 42 90 94 25 23 71 36 16 12 68 22 60 61 39 59 67 81 78 8 47 75 99 50 21 28 13 74 69 38 29 89 66 3
TEST 70 ARG:67 2 42 17 81 84 80 71 66 88 23 38 77 52 13 9 46 39 26 62 51 10 53 14 28 25 21 92 1 3 0 31 54 58 90 86 60 11 61 69 79 83 37 18 36 45 22 78 56 49 19 34 65 32 99 6 68 73 63 55 85 33 75 20 30 76 16 97 82 91 7 64 70 5 94 47 57 74 15 93 50 24 95 40 48 44 59 43 89 29 41 98 27 87 8 72 96 12 4 35
TEST 71 ARG:58 81 19 55 99 1 95 46 0 15 51 59 42 4 29 11 60 34 71 79 52 38 82 8 57 62 47 77 84 12 41 24 94 91 64 89 88 63 27 76 17 23 74 18 10 22 53 33 56 14 9 86 72 3 25 44 96 75 32 67 85 97 49 70 50 13 37 80 6 68 16 90 2 31 65 93 20 7 43 66 92 26 69 54 98 5 39 40 48 61 45 21 30 87 78 73 83 36 28 35
TEST 72 ARG:60 29 15 57 69 88 17 67 92 10 71 45 31 46 56 33 53 94 43 58 68 80 5 0 55 50 28 6 20 59 24 64 37 96 39 30 7 65 49 18 34 74 86 21 16 85 76 89 3 14 82 2 77 26 4 75 98 9 66 54 99 25 51 35 47 38 95 52 44 19 63 87 61 91 48 93 22 13 23 32 81 79 62 84 72 27 78 8 90 41 12 83 36 40 11 1 73 97 70 42
TEST 73 ARG:66 56 67 39 69 74 95 54 48 11 72 24 62 64 60 76 32 29 92 0 26 46 30 59 65 43 86 91 34 70 8 40 31 87 94 53 78 81 79 16 20 3 5 96 22 14 84 36 90 61 23 6 55 57 18 41 37 21 71 25 80 89 9 93 1 2 63 50 45 19 44 28 12 35 49 82 4 52 83 17 73 98 58 38 15 10 77 33 27 88 13 99 97 75 51 68 47 42 7 85
TEST 74 ARG:95 72 87 29 33 4 9 99 44 67 46 37 75 13 54 96 56 86 10 2 61 62 22 58 24 88 97 23 78 66 92 34 77 38 27 69 45 63 1 14 90 3 82 36 73 89 68 76 16 74 65 52 8 51 15 28 47 0 18 35 39 91 83 32 84 7 80 64 81 31 6 41 30 42 12 94 25 5 49 40 93 59 26 71 57 50 98 55 19 43 79 85 60 53 11 20 70 48 21 17
TEST 75 ARG:23 5 98 33 63 20 94 84 3 47 86 60 29 64 22 51 28 46 65 8 61 82 45 67 71 59 41 13 62 24 70 52 40 85 66 11 32 49 74 99 30 17 18 91 83 36 19 72 75 79 53 7 16 76 78 34 89 87 88 2 92 9 27 93 39 37 96 15 56 31 4 26 80 10 1 14 54 81 44 90 6 12 0 69 25 58 35 68 38 57 50 97 77 42 21 95 73 43 55 48
TEST 76 ARG:24 65 75 3 88 7 33 8 90 55 37 74 81 71 56 58 47 49 93 0 95 80 26 22 73 40 91 98 5 36 54 50 94 1 30 21 57 6 12 89 43 52 48 85 84 99 16 9 76 61 14 39 87 59 46 11 19 92 13 25 17 70 35 68 60 42 67 45 82 78 2 64 51 86 27 77 28 79 96 66 29 72 4 18 20 38 44 83 97 62 53 32 41 23 15 31 10 34 63 69
TEST 77 ARG:12 47 55 43 45 51 38 6 73 68 37 95 29 56 88 5 61 39 96 63 33 93 8 86 64 60 79 69 15 1 59 74 62 91 77 4 23 72 48 84 85 89 87 66 92 71 25 58 31 10 40 65 27 30 46 9 76 32 20 14 81 16 0 49 18 42 19 52 35 83 53 75 28 94 13 21 26 36 24 44 2 90 99 98 70 22 7 3 54 11 50 41 80 17 78 97 34 67 57 82
TEST 78 ARG:53 60 46 66 87 55 41 6 19 84 67 33 7 31 21 26 29 62 4 61 0 20 35 83 74 23 51 39 82 3 77 9 85 63 10 98 18 69 94 5 24 76 96 68 88 13 27 32 90 65 15 17 72 70 86 78 48 54 92 44 40 97 16 73 58 45 57 36 8 28 75 2 49 95 38 34 42 14 12 64 71 56 22 50 43 93 80 25 89 79 81 99 30 11 59 1 47 37 91 52
TEST 79 ARG:17 58 7 85 78 28 92 0 74 11 50 97 57 33 40 95 53 10 32 71 39 66 82 54 90 45 81 59 72 42 80 99 27 73 60 56 16 21 64 76 89 13 30 6 63 25 22 88 2 20 68 77 34 35 4 14 52 49 3 62 26 93 86 19 55 96 38 24 31 69 15 75 67 8 83 46 41 43 1 84 98 70 61 36 23 18 87 9 51 48 37 65 29 44 91 12 5 47 94 79
TEST 80 ARG:77 39 93 32 11 57 10 99 80 90 70 24 75 7 52 78 35 63 48 54 13 64 21 44 76 85 29 71 59 79 87 82 22 16 66 84 91 74 46 4 25 36 69 2 1 49 95 81 19 47 60 88 83 65 62 45 86 67 98 15 33 43 55 50 14 41 58 56 73 42 31 94 51 0 18 96 68 72 26 3 53 5 12 30 6 34 17 37 8 27 92 97 9 23 20 38 28 89 61 40
TEST 81 ARG:65 80 76 75 6 48 58 35 56 20 43 83 74 61 81 53 27 24 77 49 52 79 86 40 54 17 32 72 46 8 18 5 90 41 4 57 1 64 93 28 37 87 55 66 73 71 38 7 97 13 85 19 84 44 11 34 95 96 29 3 45 21 22 82 25 59 12 70 36 89 69 92 31 2 98 33 62 68 60 51 30 78 63 14 0 16 26 39 10 88 94 47 91 9 15 42 99 67 23 50
TEST 82 ARG:63 79 60 38 81 8 51 73 62 4 22 15 29 64 24 42 23 32 3 9 88 89 93 47 52 78 26 41 56 99 84 55 92 59 94 16 98 91 67 72 14 69 18 83 46 87 13 77 36 90 17 68 27 31 44 12 10 11 5 48 66 37 58 50 19 97 21 86 74 30 33 1 80 43 95 65 53 61 39 45 70 57 40 49 96 54 0 82 34 2 7 75 28 85 35 76 20 6 25 71
TEST 83 ARG:90 9 16 3 61 58 91 17 25 52 31 7 65 21 83 35 84 75 40 70 95 71 11 80 1 39 33 57 23 94 32 46 50 14 93 49 30 88 63 51 98 34 74 82 18 19 99 41 2 77 55 92 59 96 45 73 6 78 72 56 69 13 76 64 54 24 4 38 47 20 15 53 48 97 37 79 81 42 86 85 0 89 68 60 12 29 8 5 28 10 22 44 26 62 66 43 67 27 36 87
TEST 84 ARG:33 39 61 37 94 80 2 30 14 85 17 59 48 51 5 82 93 92 24 31 27 78 38 83 40 9 74 10 98 19 22 67 71 26 53 4 54 58 18 55 68 1 32 41 23 96 49 35 81 72 75 66 79 34 42 44 63 7 12 56 99 28 29 25 90 52 65 8 86 87 84 70 60 0 50 43 46 13 62 64 57 20 95 21 73 76 15 97 45 11 89 69 6 88 91 47 3 36 77 16
TEST 85 ARG:26 16 21 1 84 7 63 66 14 0 44 54 29 59 12 18 75 73 53 51 91 89 85 2 22 86 61 47 43 88 77 90 68 20 98 93 45 60 11 3 10 67 39 8 41 72 5 28 46 25 96 40 78 15 83 82 6 17 36 79 48 71 99 80 49 33 30 9 35 74 32 13 37 94 62 87 70 69 95 97 31 27 19 81 23 38 34 55 24 52 76 42 50 56 57 65 92 64 4 58
TEST 86 ARG:21 84 6 32 79 60 8 23 50 30 25 67 90 19 77 55 11 82 14 39 2 51 36 24 3 35 65 97 83 78 92 89 44 72 96 99 46 73 41 20 16 87 81 31 69 48 49 28 71 54 1 57 38 33 7 70 0 4 22 42 18 53 88 68 37 27 10 40 12 66 76 43 58 56 62 61 91 94 93 9 15 45 80 17 52 86 98 13 74 29 63 59 64 47 34 5 26 85 95 75
TEST 87 ARG:14 46 86 55 81 69 11 17 96 38 61 82 88 49 54 57 90 74 51 58 13 35 27 91 78 52 50 95 98 23 97 10 43 65 72 0 77 12 92 7 29 15 44 34 2 39 73 40 41 5 26 18 28 24 94 62 25 4 8 48 67 83 37 36 70 84 1 47 22 21 99 53 31 66 19 68 85 56 87 32 45 79 64 6 63 93 60 76 42 16 80 59 71 89 30 75 9 33 20 3
TEST 88 ARG:21 20 87 84 52 27 32 23 90 53 61 3 59 79 72 16 89 74 99 29 78 15 70 9 83 6 68 44 39 66 11 28 43 36 13 17 5 67 45 8 96 82 22 81 42 12 24 75 31 48 94 88 7 38 47 33 26 2 91 60 25 97 49 19 93 73 56 30 63 1 18 95 4 51 58 41 40 80 77 76 69 14 65 64 10 85 50 92 37 57 86 0 98 55 62 46 35 54 71 34
TEST 89 ARG:16 35 57 72 49 7 99 22 41 64 89 94 5 21 80 95 25 79 70 38 90 55 60 11 46 20 29 65 76 12 13 43 93 47 51 82 83 52 75 28 37 44 17 1 4 26 84 36 58 91 30 98 97 92 9 78 54 88 27 86 34 67 63 71 15 53 69 6 74 61 59 85 66 39 81 2 24 48 8 50 68 18 10 3 56 62 31 40 87 42 23 73 32 0 96 14 77 45 33 19
TEST 90 ARG:53 54 47 48 87 29 13 50 67 95 24 25 40 12 98 5 77 79 88 93 64 35 62 91 65 38 71 59 14 22 46 97 74 7 34 68 39 26 72 1 8 19 85 3 90 45 15 55 63 66 37 27 70 18 82 57 17 51 84 96 31 42 41 44 80 83 6 11 92 78 81 20 73 52 10 58 2 76 32 30 56 0 28 86 89 99 16 23 33 49 36 94 9 75 43 21 4 60 69 61
TEST 91 ARG:14 59 47 16 97 2 25 74 0 42 83 77 63 84 87 1 54 81 61 34 92 96 39 30 43 23 68 93 6 37 88 18 86 80 72 29 13 50 22 8 17 32 21 24 70 12 15 9 19 26 20 73 91 51 78 10 3 57 5 52 55 75 7 44 89 98 33 41 46 79 95 45 35 53 60 71 40 69 66 58 36 67 82 90 31 4 85 28 38 94 99 49 56 62 27 65 64 76 48 11
TEST 92 ARG:7 18 4 97 59 63 23 0 53 82 85 94 76 52 68 67 13 64 24 31 35 73 32 95 43 45 10 1 11 15 48 30 46 12 42 66 77 29 83 88 72 90 92 70 75 54 14 21 71 89 37 34 39 6 26 57 27 55 78 40 49 2 20 81 25 44 28 50 99 33 91 87 56 60 19 80 96 65 51 79 74 98 69 41 22 38 84 36 16 9 5 47 62 93 58 8 86 17 61 3
TEST 93 ARG:50 40 43 76 8 17 89 34 9 57 78 29 41 73 83 68 47 42 19 62 69 74 79 24 67 99 54 1 20 4 82 22 60 56 52 61 38 11 65 98 93 18 88 85 84 0 48 25 15 81 5 44 7 28 95 53 35 36 70 97 39 14 30 6 45 59 13 3 21 87 64 94 26 66 63 27 92 55 86 16 91 32 12 72 71 31 46 23 49 58 33 90 51 96 75 80 37 2 77 10
TEST 94 ARG:72 32 71 50 33 22 76 54 65 13 44 6 46 31 23 53 17 47 97 80 11 28 69 92 62 86 77 21 26 98 94 63 88 81 30 96 12 2 8 5 84 66 18 93 37 83 1 51 99 41 29 4 24 36 89 42 52 60 67 74 59 56 78 68 57 79 40 27 95 10 9 34 82 73 3 0 16 91 35 43 38 15 39 55 14 70 25 64 75 90 87 85 7 19 20 45 49 48 61 58
TEST 95 ARG:26 40 80 41 36 91 54 79 14 30 42 3 56 81 59 86 87 94 37 47 18 77 89 99 28 82 76 85 17 53 34 24 55 62 38 49 5 95 65 16 6 43 8 25 21 45 29 11 70 2 96 4 35 27 1 74 13 69 67 92 51 32 84 64 44 72 10 48 75 46 71 9 15 19 83 60 90 98 93 33 50 20 58 22 31 78 23 7 97 66 57 52 39 61 0 73 88 68 63 12
TEST 96 ARG:20 31 75 89 8 50 51 66 42 55 21 53 92 83 82 24 4 47 25 49 26 18 45 69 61 23 40 48 38 32 52 33 22 43 2 58 78 11 74 68 15 44 73 30 87 35 54 14 64 90 57 17 41 28 56 60 62 5 65 7 39 71 6 19 76 72 13 1 97 80 34 9 84 91 27 85 10 29 36 88 77 0 94 63 98 81 3 16 59 46 99 86 70 93 95 37 79 67 96 12
TEST 97 ARG:81 52 71 53 92 54 79 19 73 56 57 46 29 59 43 78 21 23 25 99 70 14 87 88 93 16 5 32 75 69 37 67 27 84 72 64 9 96 34 40 22 58 55 8 48 24 68 6 66 15 33 97 39 94 44 47 10 30 38 0 42 91 26 62 89 86 18 41 13 20 4 82 11 85 51 90 1 77 63 7 2 17 98 31 65 60 49 95 61 3 83 76 28 12 35 80 45 36 74 50
TEST 98 ARG:1 87 45 56 73 20 96 89 62 97 71 77 94 5 80 83 27 95 28 84 32 33 69 35 81 47 99 98 3 72 11 85 22 54 16 76 30 25 42 29 38 53 7 86 88 66 57 78 48 6 21 93 74 52 60 2 18 82 14 8 90 40 44 43 75 64 65 13 61 58 0 91 63 12 49 41 51 50 9 36 31 55 23 59 92 34 37 70 10 67 15 4 19 79 26 24 68 46 39 17
TEST 99 ARG:7 25 67 88 93 20 23 68 40 94 74 53 54 14 59 12 48 1 96 55 6 78 57 10 47 65 18 66 58 61 97 4 33 62 31 28 99 82 29 9 90 26 86 98 95 42 80 24 70 79 41 92 85 36 3 19 46 45 38 21 15 52 37 69 16 22 75 30 17 76 44 87 43 27 63 73 81 34 35 0 64 84 49 50 13 71 11 2 39 60 56 91 72 83 51 8 32 77 89 5
TEST 100 ARG:6 36 64 30 49 50 83 66 12 96 42 56 74 94 37 79 75 54 70 48 20 28 29 58 33 18 77 60 99 10 88 41 43 44 69 13 87 3 76 97 78 85 24 25 19 0 31 5 23 92 81 39 53 7 95 62 47 14 72 2 71 34 27 86 21 84 11 55 32 63 73 90 52 4 45 65 51 26 57 9 91 16 89 40 68 35 61 98 8 59 17 93 82 38 22 15 80 46 67 1
TEST 101 ARG:43 23 92 18 2 34 59 9 51 89 74 93 68 80 17 41 86 58 52 37 61 98 72 57 31 42 7 38 20 56 91 77 65 49 81 82 14 13 78 87 11 71 50 40 64 5 6 19 99 79 90 10 21 28 94 30 75 70 33 84 73 27 15 67 62 63 12 46 39 85 66 25 95 76 35 16 97 29 83 44 22 24 8 45 47 96 60 69 53 36 26 48 4 0 88 54 32 3 55 1
TEST 102 ARG:57 55 18 92 19 37 96 16 80 67 8 90 6 65 13 64 68 59 32 42 93 25 88 94 49 52 44 58 89 99 4 46 81 63 51 83 97 36 27 17 79 53 30 95 76 73 82 86 3 54 11 71 7 62 60 24 66 23 21 12 9 77 38 14 10 98 74 75 26 50 87 61 85 0 22 40 33 5 72 2 31 78 91 20 35 1 84 29 43 48 45 34 15 28 41 56 39 47 70 69
TEST 103 ARG:75 77 19 42 89 41 39 96 78 1 53 60 61 71 50 92 54 4 12 37 79 32 16 20 43 56 57 28 45 67 0 9 87 36 25 38 18 70 72 29 93 69 17 44 62 2 65 31 33 73 10 13 86 46 22 80 27 94 40 85 34 52 30 95 66 49 24 99 3 82 51 64 6 59 26 23 83 14 35 48 8 88 63 74 68 84 21 5 90 47 11 55 81 91 15 97 76 58 98 7
TEST 104 ARG:77 76 18 9 10 64 56 48 55 60 29 99 68 53 1 59 46 66 22 57 79 74 38 78 73 8 98 0 32 34 5 3 81 15 16 47 12 87 65 25 41 52 36 28 94 96 44 69 7 82 42 35 71 23 14 4 54 90 21 6 33 61 97 51 93 50 72 75 70 19 2 91 26 86 67 92 31 30 89 85 62 95 83 88 45 20 43 13 24 39 11 84 58 40 27 80 49 63 37 17
TEST 105 ARG:3 48 59 55 19 16 87 39 51 94 53 26 29 61 57 95 76 42 93 89 30 43 49 40 90 75 97 82 45 2 62 5 35 70 10 78 12 71 38 72 54 50 96 88 24 21 67 17 77 60 84 8 81 9 85 36 4 20 25 74 23 33 34 68 11 91 0 63 64 73 32 86 56 28 83 7 44 79 52 98 6 22 46 80 69 18 92 1 27 13 15 65 31 37 58 14 99 41 66 47
TEST 106 ARG:98 0 47 30 66 64 18 99 73 10 19 23 39 94 57 71 53 72 77 50 51 84 76 6 36 83 8 2 80 65 7 25 60 14 44 70 43 67 78 38 82 90 16 9 34 28 52 27 1 58 49 74 59 15 37 20 13 92 17 55 91 45 96 21 46 11 5 63 89 29 42 56 33 40 62 35 3 24 61 88 85 31 93 87 95 79 69 75 26 68 97 86 41 54 81 4 22 48 32 12
TEST 107 ARG:84 66 16 86 68 4 24 74 6 71 51 36 59 95 40 93 34 65 26 58 99 47 46 79 98 43 63 78 50 32 54 28 20 41 89 27 23 83 3 35 82 21 9 42 85 94 7 33 29 0 38 55 13 48 8 92 25 72 56 70 88 31 76 53 1 2 57 52 87 91 37 69 5 75 45 80 90 64 61 17 15 49 14 22 81 12 30 39 77 10 67 18 73 19 62 60 97 11 44 96
TEST 108 ARG:90 73 8 18 82 46 9 50 21 41 95 53 15 87 52 40 59 19 2 89 38 17 6 68 94 25 24 29 48 66 35 42 62 79 44 0 16 92 76 99 98 65 4 55 34 32 93 54 23 83 72 49 71 97 61 14 1 39 30 37 56 75 3 47 36 85 86 77 69 80 51 58 91 74 60 78 7 33 11 84 57 43 26 63 45 31 96 10 12 22 27 5 67 28 81 88 13 70 20 64
TEST 109 ARG:98 91 80 64 92 42 90 23 9 24 93 88 3 46 37 39 17 77 55 45 43 21 54 15 62 5 26 30 71 84 50 99 89 47 1 19 13 48 8 81 34 10 73 97 83 18 67 20 49 82 29 33 70 41 52 61 27 14 56 44 0 58 38 7 4 68 76 60 87 69 85 96 59 51 31 75 12 28 22 95 35 53 63 94 72 36 40 65 11 2 6 25 32 74 57 66 86 79 16 78
TEST 110 ARG:16 93 50 45 83 38 65 8 72 11 30 5 92 63 6 57 15 18 64 56 68 70 29 78 58 26 22 23 3 1 2 32 13 69 82 53 54 87 67 62 25 89 95 96 31 35 10 33 47 20 0 85 24 9 46 59 91 48 37 81 51 12 42 71 76 88 27 60 4 79 74 7 98 14 97 84 28 49 21 86 94 34 75 43 80 90 55 66 73 61 41 99 39 40 77 19 36 44 17 52
TEST 111 ARG:48 20 2 21 65 93 99 53 1 71 73 69 18 49 83 23 91 87 72 94 31 95 26 41 62 50 78 52 8 54 42 29 60 5 14 92 39 46 58 88 90 27 77 75 79 82 81 12 55 9 38 37 17 63 76 70 86 61 67 85 28 10 97 25 11 44 40 89 3 34 51 64 36 19 33 84 80 74 96 57 35 59 30 47 6 32 13 45 68 24 0 43 15 22 56 7 16 66 98 4
TEST 112 ARG:36 8 62 57 80 37 82 58 30 18 91 50 16 86 63 66 23 93 7 3 68 61 35 87 41 9 11 49 76 96 48 79 75 2 15 20 92 88 24 67 33 89 56 51 81 12 0 83 27 45 98 60 31 19 17 43 29 59 54 26 47 40 71 28 14 85 5 70 77 99 69 78 42 65 74 39 1 38 64 97 94 72 73 6 13 53 4 46 22 90 52 55 95 25 10 44 21 84 34 32
TEST 113 ARG:93 22 70 72 49 58 19 30 33 68 78 65 56 60 42 54 63 31 29 32 8 9 10 11 77 2 75 62 43 87 79 12 98 34 97 83 92 82 52 5 89 99 47 46 69 96 53 85 90 86 88 38 64 95 37 80 36 18 20 55 21 15 50 51 7 17 94 44 40 16 76 74 48 24 39 71 23 25 28 61 81 73 27 26 3 6 57 45 84 4 1 0 13 66 14 59 41 67 35 91
TEST 114 ARG:85 87 90 52 67 96 82 28 23 51 22 6 39 14 95 73 5 11 70 29 92 60 78 41 25 55 13 20 44 94 53 64 1 12 42 4 38 9 81 61 57 27 32 76 46 24 0 75 17 74 79 62 19 10 35 36 21 86 7 50 18 2 3 37 69 99 91 34 54 47 26 8 40 45 88 56 63 33 93 66 89 83 58 84 71 16 77 68 15 80 31 43 65 30 98 48 72 59 97 49
TEST 115 ARG:85 23 90 77 89 28 3 67 32 46 54 6 62 99 78 49 55 80 59 56 5 53 63 2 66 7 21 25 36 69 1 81 97 92 37 43 24 14 86 27 95 29 30 82 83 41 13 84 58 96 26 51 17 10 87 94 47 65 74 72 4 33 35 0 44 9 15 38 42 40 45 20 48 91 50 73 88 8 19 18 68 76 60 98 79 61 22 12 31 16 93 39 34 57 75 64 71 11 52 70
TEST 116 ARG:63 37 78 74 97 41 11 65 88 89 9 98 15 57 8 99 70 39 71 53 0 72 22 17 85 52 73 12 93 44 7 34 6 64 58 59 60 94 4 81 61 36 46 33 95 68 29 42 67 79 87 47 91 32 82 92 55 96 80 90 84 14 13 54 48 45 51 49 21 3 62 23 76 5 43 19 28 16 26 30 1 38 31 50 40 83 20 69 66 18 77 27 2 25 10 75 56 24 86 35
TEST 117 ARG:96 19 45 29 87 22 86 50 17 75 84 56 60 33 80 72 4 32 48 58 46 79 24 61 11 57 12 94 76 54 40 95 93 77 66 70 14 41 20 10 78 85 92 65 21 97 34 74 42 82 18 83 25 2 13 36 1 39 73 44 47 37 3 91 55 31 62 98 0 9 64 35 71 53 6 7 88 43 38 52 68 28 67 15 27 30 26 59 63 8 49 89 51 5 69 90 81 99 16 23
TEST 118 ARG:48 87 52 23 14 16 65 3 86 58 0 95 35 9 91 7 8 83 73 82 56 44 4 1 50 45 13 33 88 94 99 36 72 21 62 40 30 15 43 67 74 41 38 20 85 66 92 49 68 75 55 60 70 81 97 76 34 19 22 59 47 64 71 98 18 37 32 80 5 12 77 39 25 63 78 26 31 53 90 57 27 84 10 17 2 93 51 11 46 29 54 89 79 6 96 24 69 42 28 61
TEST 119 ARG:71 59 48 8 12 76 80 94 63 24 11 22 73 20 13 50 41 81 9 21 54 56 89 42 27 62 28 84 78 52 95 93 45 67 75 92 79 85 30 60 82 40 34 18 7 25 57 66 69 10 55 29 68 61 2 36 43 39 65 3 44 64 58 70 37 46 49 98 91 83 86 87 35 74 23 31 26 96 0 77 97 6 15 19 4 53 38 90 51 5 88 99 16 32 1 33 47 14 72 17
TEST 120 ARG:72 94 62 70 87 67 60 53 92 42 28 29 98 50 90 79 82 23 97 89 19 21 25 34 30 10 63 37 33 31 36 1 14 9 69 65 51 18 13 91 77 54 0 46 80 64 22 47 88 12 2 38 3 57 56 75 83 96 27 59 61 15 5 66 85 4 8 7 49 99 44 43 11 35 81 93 16 55 20 84 68 24 6 78 74 39 17 41 86 58 45 26 73 32 95 52 76 71 48 40
